(kicad_pcb (version 20171130) (host pcbnew "(5.1.5)-3")

  (general
    (thickness 1.6)
    (drawings 14)
    (tracks 0)
    (zones 0)
    (modules 46)
    (nets 28)
  )

  (page A4)
  (title_block
    (title "Morfeas RPi Hat")
    (date 2019-12-27)
    (rev V1.0)
    (comment 2 https://www.tapr.org/ohl.html)
    (comment 3 "Licence: TAPR Open Hardware License")
    (comment 4 "Author: Sam Harry Tzavaras")
  )

  (layers
    (0 F.Cu signal)
    (31 B.Cu signal)
    (32 B.Adhes user)
    (33 F.Adhes user)
    (34 B.Paste user)
    (35 F.Paste user)
    (36 B.SilkS user)
    (37 F.SilkS user)
    (38 B.Mask user)
    (39 F.Mask user)
    (40 Dwgs.User user)
    (41 Cmts.User user)
    (42 Eco1.User user)
    (43 Eco2.User user)
    (44 Edge.Cuts user)
    (45 Margin user)
    (46 B.CrtYd user)
    (47 F.CrtYd user)
    (48 B.Fab user)
    (49 F.Fab user)
  )

  (setup
    (last_trace_width 0.254)
    (trace_clearance 0.2286)
    (zone_clearance 0.508)
    (zone_45_only no)
    (trace_min 0.2)
    (via_size 1.27)
    (via_drill 0.6)
    (via_min_size 0.4)
    (via_min_drill 0.3)
    (uvia_size 1.016)
    (uvia_drill 0.6)
    (uvias_allowed no)
    (uvia_min_size 0.2)
    (uvia_min_drill 0.1)
    (edge_width 0.05)
    (segment_width 0.2)
    (pcb_text_width 0.3)
    (pcb_text_size 1.5 1.5)
    (mod_edge_width 0.12)
    (mod_text_size 1 1)
    (mod_text_width 0.15)
    (pad_size 3 3)
    (pad_drill 3)
    (pad_to_mask_clearance 0.051)
    (solder_mask_min_width 0.25)
    (aux_axis_origin 0 0)
    (visible_elements 7FFFFFFF)
    (pcbplotparams
      (layerselection 0x010fc_ffffffff)
      (usegerberextensions false)
      (usegerberattributes false)
      (usegerberadvancedattributes false)
      (creategerberjobfile false)
      (excludeedgelayer true)
      (linewidth 0.100000)
      (plotframeref false)
      (viasonmask false)
      (mode 1)
      (useauxorigin false)
      (hpglpennumber 1)
      (hpglpenspeed 20)
      (hpglpendiameter 15.000000)
      (psnegative false)
      (psa4output false)
      (plotreference true)
      (plotvalue true)
      (plotinvisibletext false)
      (padsonsilk false)
      (subtractmaskfromsilk false)
      (outputformat 1)
      (mirror false)
      (drillshape 1)
      (scaleselection 1)
      (outputdirectory ""))
  )

  (net 0 "")
  (net 1 GND)
  (net 2 "Net-(BT1-Pad1)")
  (net 3 "Net-(C1-Pad1)")
  (net 4 "Net-(C2-Pad1)")
  (net 5 +5V)
  (net 6 "Net-(C4-Pad1)")
  (net 7 "Net-(C4-Pad2)")
  (net 8 "Net-(C5-Pad2)")
  (net 9 "Net-(C5-Pad1)")
  (net 10 +3V3)
  (net 11 "Net-(C9-Pad2)")
  (net 12 "Net-(C10-Pad2)")
  (net 13 "Net-(C11-Pad2)")
  (net 14 "Net-(C12-Pad2)")
  (net 15 +24V)
  (net 16 "Net-(D2-Pad2)")
  (net 17 "Net-(D3-Pad2)")
  (net 18 SDA)
  (net 19 SCL)
  (net 20 TXD)
  (net 21 RXD)
  (net 22 "Net-(Q1-Pad2)")
  (net 23 "Net-(Q2-Pad2)")
  (net 24 "Net-(J3-Pad1)")
  (net 25 "Net-(J4-Pad1)")
  (net 26 "Net-(R7-Pad1)")
  (net 27 "Net-(R8-Pad1)")

  (net_class Default "This is the default net class."
    (clearance 0.2286)
    (trace_width 0.254)
    (via_dia 1.27)
    (via_drill 0.6)
    (uvia_dia 1.016)
    (uvia_drill 0.6)
    (add_net +3V3)
    (add_net GND)
    (add_net "Net-(BT1-Pad1)")
    (add_net "Net-(C1-Pad1)")
    (add_net "Net-(C10-Pad2)")
    (add_net "Net-(C11-Pad2)")
    (add_net "Net-(C12-Pad2)")
    (add_net "Net-(C2-Pad1)")
    (add_net "Net-(C4-Pad1)")
    (add_net "Net-(C4-Pad2)")
    (add_net "Net-(C5-Pad1)")
    (add_net "Net-(C5-Pad2)")
    (add_net "Net-(C9-Pad2)")
    (add_net "Net-(D2-Pad2)")
    (add_net "Net-(D3-Pad2)")
    (add_net "Net-(J3-Pad1)")
    (add_net "Net-(J4-Pad1)")
    (add_net "Net-(Q1-Pad2)")
    (add_net "Net-(Q2-Pad2)")
    (add_net "Net-(R7-Pad1)")
    (add_net "Net-(R8-Pad1)")
    (add_net RXD)
    (add_net SCL)
    (add_net SDA)
    (add_net TXD)
  )

  (net_class Power_24 ""
    (clearance 0.2286)
    (trace_width 5.08)
    (via_dia 1.27)
    (via_drill 0.6)
    (uvia_dia 1.016)
    (uvia_drill 0.6)
    (add_net +24V)
  )

  (net_class Power_5 ""
    (clearance 0.2286)
    (trace_width 0.635)
    (via_dia 1.27)
    (via_drill 0.6)
    (uvia_dia 1.016)
    (uvia_drill 0.6)
    (add_net +5V)
  )

  (module Morfeas_RPi_hat:SPTH_V1,5 (layer F.Cu) (tedit 5E05B75E) (tstamp 5E05C420)
    (at 209.537001 51.445001)
    (path /5E179F8A)
    (fp_text reference J1 (at -3.5 -13) (layer F.SilkS)
      (effects (font (size 1 1) (thickness 0.15)))
    )
    (fp_text value "Power IN" (at 0 3.5) (layer F.Fab)
      (effects (font (size 1 1) (thickness 0.15)))
    )
    (fp_line (start -5.5 -10.5) (end 5.5 -10.5) (layer F.SilkS) (width 0.15))
    (fp_line (start -4.5 1.5) (end -5.5 1.5) (layer F.SilkS) (width 0.15))
    (fp_line (start -4 1) (end -4.5 1.5) (layer F.SilkS) (width 0.15))
    (fp_line (start -3 1) (end -4 1) (layer F.SilkS) (width 0.15))
    (fp_line (start -2.5 1.5) (end -3 1) (layer F.SilkS) (width 0.15))
    (fp_line (start -1 1.5) (end -2.5 1.5) (layer F.SilkS) (width 0.15))
    (fp_line (start -0.5 1) (end -1 1.5) (layer F.SilkS) (width 0.15))
    (fp_line (start 0.5 1) (end -0.5 1) (layer F.SilkS) (width 0.15))
    (fp_line (start 1 1.5) (end 0.5 1) (layer F.SilkS) (width 0.15))
    (fp_line (start 2.5 1.5) (end 1 1.5) (layer F.SilkS) (width 0.15))
    (fp_line (start 3 1) (end 2.5 1.5) (layer F.SilkS) (width 0.15))
    (fp_line (start 4 1) (end 3 1) (layer F.SilkS) (width 0.15))
    (fp_line (start 4.5 1.5) (end 4 1) (layer F.SilkS) (width 0.15))
    (fp_line (start 5.5 1.5) (end 4.5 1.5) (layer F.SilkS) (width 0.15))
    (fp_line (start -5.5 1.5) (end -5.5 -12) (layer F.SilkS) (width 0.15))
    (fp_line (start 5.5 -12) (end 5.5 1.5) (layer F.SilkS) (width 0.15))
    (fp_line (start -5.5 -12) (end 5.5 -12) (layer F.SilkS) (width 0.15))
    (pad 3 thru_hole oval (at 3.5 0) (size 1.905 2.54) (drill 1.143 (offset 0 -0.381)) (layers *.Cu *.Mask)
      (net 1 GND))
    (pad 2 thru_hole oval (at 0 0) (size 1.905 2.54) (drill 1.143 (offset 0 -0.381)) (layers *.Cu *.Mask)
      (net 15 +24V))
    (pad 1 thru_hole oval (at -3.5 0) (size 1.905 2.54) (drill 1.143 (offset 0 -0.381)) (layers *.Cu *.Mask)
      (net 15 +24V))
    (pad 3 thru_hole roundrect (at 3.5 -7) (size 1.905 2.54) (drill 1.143) (layers *.Cu *.Mask) (roundrect_rratio 0.5)
      (net 1 GND))
    (pad 2 thru_hole roundrect (at 0 -7) (size 1.905 2.54) (drill 1.143) (layers *.Cu *.Mask) (roundrect_rratio 0.5)
      (net 15 +24V))
    (pad 1 thru_hole roundrect (at -3.5 -7) (size 1.905 2.54) (drill 1.143) (layers *.Cu *.Mask) (roundrect_rratio 0.5)
      (net 15 +24V))
    (model ${KIPRJMOD}/Project's_libs/STEP/pxc_1823641_05_SPT-THR-1-5-3-H-3-5-P20-R32_3D.step
      (offset (xyz 5.4864 9.982200000000001 0))
      (scale (xyz 1 1 1))
      (rotate (xyz 0 0 180))
    )
  )

  (module Morfeas_RPi_hat:SPTH_V1,5 (layer F.Cu) (tedit 5E05B75E) (tstamp 5E05C43B)
    (at 221.687001 51.445001)
    (path /5E088EC8)
    (fp_text reference J3 (at -3.5 -13) (layer F.SilkS)
      (effects (font (size 1 1) (thickness 0.15)))
    )
    (fp_text value CAN0_Power+ (at 0 3.5) (layer F.Fab)
      (effects (font (size 1 1) (thickness 0.15)))
    )
    (fp_line (start -5.5 -10.5) (end 5.5 -10.5) (layer F.SilkS) (width 0.15))
    (fp_line (start -4.5 1.5) (end -5.5 1.5) (layer F.SilkS) (width 0.15))
    (fp_line (start -4 1) (end -4.5 1.5) (layer F.SilkS) (width 0.15))
    (fp_line (start -3 1) (end -4 1) (layer F.SilkS) (width 0.15))
    (fp_line (start -2.5 1.5) (end -3 1) (layer F.SilkS) (width 0.15))
    (fp_line (start -1 1.5) (end -2.5 1.5) (layer F.SilkS) (width 0.15))
    (fp_line (start -0.5 1) (end -1 1.5) (layer F.SilkS) (width 0.15))
    (fp_line (start 0.5 1) (end -0.5 1) (layer F.SilkS) (width 0.15))
    (fp_line (start 1 1.5) (end 0.5 1) (layer F.SilkS) (width 0.15))
    (fp_line (start 2.5 1.5) (end 1 1.5) (layer F.SilkS) (width 0.15))
    (fp_line (start 3 1) (end 2.5 1.5) (layer F.SilkS) (width 0.15))
    (fp_line (start 4 1) (end 3 1) (layer F.SilkS) (width 0.15))
    (fp_line (start 4.5 1.5) (end 4 1) (layer F.SilkS) (width 0.15))
    (fp_line (start 5.5 1.5) (end 4.5 1.5) (layer F.SilkS) (width 0.15))
    (fp_line (start -5.5 1.5) (end -5.5 -12) (layer F.SilkS) (width 0.15))
    (fp_line (start 5.5 -12) (end 5.5 1.5) (layer F.SilkS) (width 0.15))
    (fp_line (start -5.5 -12) (end 5.5 -12) (layer F.SilkS) (width 0.15))
    (pad 3 thru_hole oval (at 3.5 0) (size 1.905 2.54) (drill 1.143 (offset 0 -0.381)) (layers *.Cu *.Mask)
      (net 24 "Net-(J3-Pad1)"))
    (pad 2 thru_hole oval (at 0 0) (size 1.905 2.54) (drill 1.143 (offset 0 -0.381)) (layers *.Cu *.Mask)
      (net 24 "Net-(J3-Pad1)"))
    (pad 1 thru_hole oval (at -3.5 0) (size 1.905 2.54) (drill 1.143 (offset 0 -0.381)) (layers *.Cu *.Mask)
      (net 24 "Net-(J3-Pad1)"))
    (pad 3 thru_hole roundrect (at 3.5 -7) (size 1.905 2.54) (drill 1.143) (layers *.Cu *.Mask) (roundrect_rratio 0.5)
      (net 24 "Net-(J3-Pad1)"))
    (pad 2 thru_hole roundrect (at 0 -7) (size 1.905 2.54) (drill 1.143) (layers *.Cu *.Mask) (roundrect_rratio 0.5)
      (net 24 "Net-(J3-Pad1)"))
    (pad 1 thru_hole roundrect (at -3.5 -7) (size 1.905 2.54) (drill 1.143) (layers *.Cu *.Mask) (roundrect_rratio 0.5)
      (net 24 "Net-(J3-Pad1)"))
    (model ${KIPRJMOD}/Project's_libs/STEP/pxc_1823641_05_SPT-THR-1-5-3-H-3-5-P20-R32_3D.step
      (offset (xyz 5.4864 9.982200000000001 0))
      (scale (xyz 1 1 1))
      (rotate (xyz 0 0 180))
    )
  )

  (module Morfeas_RPi_hat:SPTH_V1,5 (layer F.Cu) (tedit 5E05B75E) (tstamp 5E05C456)
    (at 233.837001 51.445001)
    (path /5E14E7A3)
    (fp_text reference J4 (at -3.5 -13) (layer F.SilkS)
      (effects (font (size 1 1) (thickness 0.15)))
    )
    (fp_text value CAN1_Power+ (at 0 3.5) (layer F.Fab)
      (effects (font (size 1 1) (thickness 0.15)))
    )
    (fp_line (start -5.5 -10.5) (end 5.5 -10.5) (layer F.SilkS) (width 0.15))
    (fp_line (start -4.5 1.5) (end -5.5 1.5) (layer F.SilkS) (width 0.15))
    (fp_line (start -4 1) (end -4.5 1.5) (layer F.SilkS) (width 0.15))
    (fp_line (start -3 1) (end -4 1) (layer F.SilkS) (width 0.15))
    (fp_line (start -2.5 1.5) (end -3 1) (layer F.SilkS) (width 0.15))
    (fp_line (start -1 1.5) (end -2.5 1.5) (layer F.SilkS) (width 0.15))
    (fp_line (start -0.5 1) (end -1 1.5) (layer F.SilkS) (width 0.15))
    (fp_line (start 0.5 1) (end -0.5 1) (layer F.SilkS) (width 0.15))
    (fp_line (start 1 1.5) (end 0.5 1) (layer F.SilkS) (width 0.15))
    (fp_line (start 2.5 1.5) (end 1 1.5) (layer F.SilkS) (width 0.15))
    (fp_line (start 3 1) (end 2.5 1.5) (layer F.SilkS) (width 0.15))
    (fp_line (start 4 1) (end 3 1) (layer F.SilkS) (width 0.15))
    (fp_line (start 4.5 1.5) (end 4 1) (layer F.SilkS) (width 0.15))
    (fp_line (start 5.5 1.5) (end 4.5 1.5) (layer F.SilkS) (width 0.15))
    (fp_line (start -5.5 1.5) (end -5.5 -12) (layer F.SilkS) (width 0.15))
    (fp_line (start 5.5 -12) (end 5.5 1.5) (layer F.SilkS) (width 0.15))
    (fp_line (start -5.5 -12) (end 5.5 -12) (layer F.SilkS) (width 0.15))
    (pad 3 thru_hole oval (at 3.5 0) (size 1.905 2.54) (drill 1.143 (offset 0 -0.381)) (layers *.Cu *.Mask)
      (net 25 "Net-(J4-Pad1)"))
    (pad 2 thru_hole oval (at 0 0) (size 1.905 2.54) (drill 1.143 (offset 0 -0.381)) (layers *.Cu *.Mask)
      (net 25 "Net-(J4-Pad1)"))
    (pad 1 thru_hole oval (at -3.5 0) (size 1.905 2.54) (drill 1.143 (offset 0 -0.381)) (layers *.Cu *.Mask)
      (net 25 "Net-(J4-Pad1)"))
    (pad 3 thru_hole roundrect (at 3.5 -7) (size 1.905 2.54) (drill 1.143) (layers *.Cu *.Mask) (roundrect_rratio 0.5)
      (net 25 "Net-(J4-Pad1)"))
    (pad 2 thru_hole roundrect (at 0 -7) (size 1.905 2.54) (drill 1.143) (layers *.Cu *.Mask) (roundrect_rratio 0.5)
      (net 25 "Net-(J4-Pad1)"))
    (pad 1 thru_hole roundrect (at -3.5 -7) (size 1.905 2.54) (drill 1.143) (layers *.Cu *.Mask) (roundrect_rratio 0.5)
      (net 25 "Net-(J4-Pad1)"))
    (model ${KIPRJMOD}/Project's_libs/STEP/pxc_1823641_05_SPT-THR-1-5-3-H-3-5-P20-R32_3D.step
      (offset (xyz 5.4864 9.982200000000001 0))
      (scale (xyz 1 1 1))
      (rotate (xyz 0 0 180))
    )
  )

  (module Connector_PinSocket_2.54mm:PinSocket_2x20_P2.54mm_Vertical (layer B.Cu) (tedit 5E057178) (tstamp 5E06EDD7)
    (at 100.5 64.5 270)
    (descr "Through hole straight socket strip, 2x20, 2.54mm pitch, double cols (from Kicad 4.0.7), script generated")
    (tags "Through hole socket strip THT 2x20 2.54mm double row")
    (path /5E041881)
    (fp_text reference J2 (at 4 24) (layer B.SilkS)
      (effects (font (size 1 1) (thickness 0.15)) (justify mirror))
    )
    (fp_text value RPi_header (at 0 -26.9 90) (layer B.Fab)
      (effects (font (size 1 1) (thickness 0.15)) (justify mirror))
    )
    (fp_text user %R (at 0 0 180) (layer B.Fab)
      (effects (font (size 1 1) (thickness 0.15)) (justify mirror))
    )
    (fp_line (start -3.07 -25.87) (end -3.07 25.93) (layer B.CrtYd) (width 0.05))
    (fp_line (start 3.03 -25.87) (end -3.07 -25.87) (layer B.CrtYd) (width 0.05))
    (fp_line (start 3.03 25.93) (end 3.03 -25.87) (layer B.CrtYd) (width 0.05))
    (fp_line (start -3.07 25.93) (end 3.03 25.93) (layer B.CrtYd) (width 0.05))
    (fp_line (start 1.27 25.46) (end 2.6 25.46) (layer B.SilkS) (width 0.12))
    (fp_line (start 2.6 25.46) (end 2.6 24.13) (layer B.SilkS) (width 0.12))
    (fp_line (start 0 25.46) (end 0 22.86) (layer B.SilkS) (width 0.12))
    (fp_line (start 0 22.86) (end 2.6 22.86) (layer B.SilkS) (width 0.12))
    (fp_line (start 2.6 22.86) (end 2.6 -25.46) (layer B.SilkS) (width 0.12))
    (fp_line (start -2.6 -25.46) (end 2.6 -25.46) (layer B.SilkS) (width 0.12))
    (fp_line (start -2.6 25.46) (end -2.6 -25.46) (layer B.SilkS) (width 0.12))
    (fp_line (start -2.6 25.46) (end 0 25.46) (layer B.SilkS) (width 0.12))
    (fp_line (start -2.54 -25.4) (end -2.54 25.4) (layer B.Fab) (width 0.1))
    (fp_line (start 2.54 -25.4) (end -2.54 -25.4) (layer B.Fab) (width 0.1))
    (fp_line (start 2.54 24.4) (end 2.54 -25.4) (layer B.Fab) (width 0.1))
    (fp_line (start 1.54 25.4) (end 2.54 24.4) (layer B.Fab) (width 0.1))
    (fp_line (start -2.54 25.4) (end 1.54 25.4) (layer B.Fab) (width 0.1))
    (pad 40 thru_hole oval (at -1.27 -24.13 270) (size 1.7 1.7) (drill 1) (layers *.Cu *.Mask))
    (pad 39 thru_hole oval (at 1.27 -24.13 270) (size 1.7 1.7) (drill 1) (layers *.Cu *.Mask)
      (net 1 GND))
    (pad 38 thru_hole oval (at -1.27 -21.59 270) (size 1.7 1.7) (drill 1) (layers *.Cu *.Mask))
    (pad 37 thru_hole oval (at 1.27 -21.59 270) (size 1.7 1.7) (drill 1) (layers *.Cu *.Mask))
    (pad 36 thru_hole oval (at -1.27 -19.05 270) (size 1.7 1.7) (drill 1) (layers *.Cu *.Mask))
    (pad 35 thru_hole oval (at 1.27 -19.05 270) (size 1.7 1.7) (drill 1) (layers *.Cu *.Mask))
    (pad 34 thru_hole oval (at -1.27 -16.51 270) (size 1.7 1.7) (drill 1) (layers *.Cu *.Mask)
      (net 1 GND))
    (pad 33 thru_hole oval (at 1.27 -16.51 270) (size 1.7 1.7) (drill 1) (layers *.Cu *.Mask))
    (pad 32 thru_hole oval (at -1.27 -13.97 270) (size 1.7 1.7) (drill 1) (layers *.Cu *.Mask))
    (pad 31 thru_hole oval (at 1.27 -13.97 270) (size 1.7 1.7) (drill 1) (layers *.Cu *.Mask))
    (pad 30 thru_hole oval (at -1.27 -11.43 270) (size 1.7 1.7) (drill 1) (layers *.Cu *.Mask)
      (net 1 GND))
    (pad 29 thru_hole oval (at 1.27 -11.43 270) (size 1.7 1.7) (drill 1) (layers *.Cu *.Mask))
    (pad 28 thru_hole oval (at -1.27 -8.89 270) (size 1.7 1.7) (drill 1) (layers *.Cu *.Mask))
    (pad 27 thru_hole oval (at 1.27 -8.89 270) (size 1.7 1.7) (drill 1) (layers *.Cu *.Mask))
    (pad 26 thru_hole oval (at -1.27 -6.35 270) (size 1.7 1.7) (drill 1) (layers *.Cu *.Mask))
    (pad 25 thru_hole oval (at 1.27 -6.35 270) (size 1.7 1.7) (drill 1) (layers *.Cu *.Mask)
      (net 1 GND))
    (pad 24 thru_hole oval (at -1.27 -3.81 270) (size 1.7 1.7) (drill 1) (layers *.Cu *.Mask))
    (pad 23 thru_hole oval (at 1.27 -3.81 270) (size 1.7 1.7) (drill 1) (layers *.Cu *.Mask))
    (pad 22 thru_hole oval (at -1.27 -1.27 270) (size 1.7 1.7) (drill 1) (layers *.Cu *.Mask))
    (pad 21 thru_hole oval (at 1.27 -1.27 270) (size 1.7 1.7) (drill 1) (layers *.Cu *.Mask))
    (pad 20 thru_hole oval (at -1.27 1.27 270) (size 1.7 1.7) (drill 1) (layers *.Cu *.Mask)
      (net 1 GND))
    (pad 19 thru_hole oval (at 1.27 1.27 270) (size 1.7 1.7) (drill 1) (layers *.Cu *.Mask))
    (pad 18 thru_hole oval (at -1.27 3.81 270) (size 1.7 1.7) (drill 1) (layers *.Cu *.Mask))
    (pad 17 thru_hole oval (at 1.27 3.81 270) (size 1.7 1.7) (drill 1) (layers *.Cu *.Mask))
    (pad 16 thru_hole oval (at -1.27 6.35 270) (size 1.7 1.7) (drill 1) (layers *.Cu *.Mask))
    (pad 15 thru_hole oval (at 1.27 6.35 270) (size 1.7 1.7) (drill 1) (layers *.Cu *.Mask))
    (pad 14 thru_hole oval (at -1.27 8.89 270) (size 1.7 1.7) (drill 1) (layers *.Cu *.Mask)
      (net 1 GND))
    (pad 13 thru_hole oval (at 1.27 8.89 270) (size 1.7 1.7) (drill 1) (layers *.Cu *.Mask))
    (pad 12 thru_hole oval (at -1.27 11.43 270) (size 1.7 1.7) (drill 1) (layers *.Cu *.Mask))
    (pad 11 thru_hole oval (at 1.27 11.43 270) (size 1.7 1.7) (drill 1) (layers *.Cu *.Mask))
    (pad 10 thru_hole oval (at -1.27 13.97 270) (size 1.7 1.7) (drill 1) (layers *.Cu *.Mask)
      (net 21 RXD))
    (pad 9 thru_hole oval (at 1.27 13.97 270) (size 1.7 1.7) (drill 1) (layers *.Cu *.Mask)
      (net 1 GND))
    (pad 8 thru_hole oval (at -1.27 16.51 270) (size 1.7 1.7) (drill 1) (layers *.Cu *.Mask)
      (net 20 TXD))
    (pad 7 thru_hole oval (at 1.27 16.51 270) (size 1.7 1.7) (drill 1) (layers *.Cu *.Mask))
    (pad 6 thru_hole oval (at -1.27 19.05 270) (size 1.7 1.7) (drill 1) (layers *.Cu *.Mask)
      (net 1 GND))
    (pad 5 thru_hole oval (at 1.27 19.05 270) (size 1.7 1.7) (drill 1) (layers *.Cu *.Mask)
      (net 19 SCL))
    (pad 4 thru_hole oval (at -1.27 21.59 270) (size 1.7 1.7) (drill 1) (layers *.Cu *.Mask)
      (net 5 +5V))
    (pad 3 thru_hole oval (at 1.27 21.59 270) (size 1.7 1.7) (drill 1) (layers *.Cu *.Mask)
      (net 18 SDA))
    (pad 2 thru_hole oval (at -1.27 24.13 270) (size 1.7 1.7) (drill 1) (layers *.Cu *.Mask)
      (net 5 +5V))
    (pad 1 thru_hole rect (at 1.27 24.13 270) (size 1.7 1.7) (drill 1) (layers *.Cu *.Mask))
    (model ${KISYS3DMOD}/Connector_PinSocket_2.54mm.3dshapes/PinSocket_2x20_P2.54mm_Vertical.wrl
      (offset (xyz 1.2446 24.13 0))
      (scale (xyz 1 1 1))
      (rotate (xyz 0 0 0))
    )
  )

  (module Project's_libs:SOIC127P1032X265-16N (layer B.Cu) (tedit 5E055CA9) (tstamp 5E07481B)
    (at 100.5 89.5 180)
    (path /5E055AC1)
    (fp_text reference U1 (at -2.675 6.062) (layer B.SilkS)
      (effects (font (size 1 1) (thickness 0.015)) (justify mirror))
    )
    (fp_text value DS3231 (at 6.85 -6.062) (layer B.Fab)
      (effects (font (size 1 1) (thickness 0.015)) (justify mirror))
    )
    (fp_circle (center -6.705 5.035) (end -6.605 5.035) (layer B.SilkS) (width 0.2))
    (fp_circle (center -6.705 5.035) (end -6.605 5.035) (layer B.Fab) (width 0.2))
    (fp_line (start -3.8 5.25) (end 3.8 5.25) (layer B.Fab) (width 0.127))
    (fp_line (start -3.8 -5.25) (end 3.8 -5.25) (layer B.Fab) (width 0.127))
    (fp_line (start -3.8 5.25) (end 3.8 5.25) (layer B.SilkS) (width 0.127))
    (fp_line (start -3.8 -5.25) (end 3.8 -5.25) (layer B.SilkS) (width 0.127))
    (fp_line (start -3.8 5.25) (end -3.8 -5.25) (layer B.Fab) (width 0.127))
    (fp_line (start 3.8 5.25) (end 3.8 -5.25) (layer B.Fab) (width 0.127))
    (fp_line (start -5.93 5.5) (end 5.93 5.5) (layer B.CrtYd) (width 0.05))
    (fp_line (start -5.93 -5.5) (end 5.93 -5.5) (layer B.CrtYd) (width 0.05))
    (fp_line (start -5.93 5.5) (end -5.93 -5.5) (layer B.CrtYd) (width 0.05))
    (fp_line (start 5.93 5.5) (end 5.93 -5.5) (layer B.CrtYd) (width 0.05))
    (pad 1 smd rect (at -4.655 4.445 180) (size 2.05 0.59) (layers B.Cu B.Paste B.Mask))
    (pad 2 smd rect (at -4.655 3.175 180) (size 2.05 0.59) (layers B.Cu B.Paste B.Mask)
      (net 10 +3V3))
    (pad 3 smd rect (at -4.655 1.905 180) (size 2.05 0.59) (layers B.Cu B.Paste B.Mask))
    (pad 4 smd rect (at -4.655 0.635 180) (size 2.05 0.59) (layers B.Cu B.Paste B.Mask))
    (pad 5 smd rect (at -4.655 -0.635 180) (size 2.05 0.59) (layers B.Cu B.Paste B.Mask))
    (pad 6 smd rect (at -4.655 -1.905 180) (size 2.05 0.59) (layers B.Cu B.Paste B.Mask))
    (pad 7 smd rect (at -4.655 -3.175 180) (size 2.05 0.59) (layers B.Cu B.Paste B.Mask))
    (pad 8 smd rect (at -4.655 -4.445 180) (size 2.05 0.59) (layers B.Cu B.Paste B.Mask))
    (pad 9 smd rect (at 4.655 -4.445 180) (size 2.05 0.59) (layers B.Cu B.Paste B.Mask))
    (pad 10 smd rect (at 4.655 -3.175 180) (size 2.05 0.59) (layers B.Cu B.Paste B.Mask))
    (pad 11 smd rect (at 4.655 -1.905 180) (size 2.05 0.59) (layers B.Cu B.Paste B.Mask))
    (pad 12 smd rect (at 4.655 -0.635 180) (size 2.05 0.59) (layers B.Cu B.Paste B.Mask))
    (pad 13 smd rect (at 4.655 0.635 180) (size 2.05 0.59) (layers B.Cu B.Paste B.Mask)
      (net 1 GND))
    (pad 14 smd rect (at 4.655 1.905 180) (size 2.05 0.59) (layers B.Cu B.Paste B.Mask)
      (net 2 "Net-(BT1-Pad1)"))
    (pad 15 smd rect (at 4.655 3.175 180) (size 2.05 0.59) (layers B.Cu B.Paste B.Mask)
      (net 18 SDA))
    (pad 16 smd rect (at 4.655 4.445 180) (size 2.05 0.59) (layers B.Cu B.Paste B.Mask)
      (net 19 SCL))
    (model ${KIPRJMOD}/Project's_libs/STEP/21-0042B_16-L.step
      (at (xyz 0 0 0))
      (scale (xyz 1 1 1))
      (rotate (xyz 0 0 0))
    )
  )

  (module Capacitor_SMD:C_1206_3216Metric (layer F.Cu) (tedit 5B301BBE) (tstamp 5E06BCE4)
    (at 214.885001 81.325001)
    (descr "Capacitor SMD 1206 (3216 Metric), square (rectangular) end terminal, IPC_7351 nominal, (Body size source: http://www.tortai-tech.com/upload/download/2011102023233369053.pdf), generated with kicad-footprint-generator")
    (tags capacitor)
    (path /5E122C44)
    (attr smd)
    (fp_text reference C1 (at 0 -1.82) (layer F.SilkS)
      (effects (font (size 1 1) (thickness 0.15)))
    )
    (fp_text value 10uF (at 0 1.82) (layer F.Fab)
      (effects (font (size 1 1) (thickness 0.15)))
    )
    (fp_line (start -1.6 0.8) (end -1.6 -0.8) (layer F.Fab) (width 0.1))
    (fp_line (start -1.6 -0.8) (end 1.6 -0.8) (layer F.Fab) (width 0.1))
    (fp_line (start 1.6 -0.8) (end 1.6 0.8) (layer F.Fab) (width 0.1))
    (fp_line (start 1.6 0.8) (end -1.6 0.8) (layer F.Fab) (width 0.1))
    (fp_line (start -0.602064 -0.91) (end 0.602064 -0.91) (layer F.SilkS) (width 0.12))
    (fp_line (start -0.602064 0.91) (end 0.602064 0.91) (layer F.SilkS) (width 0.12))
    (fp_line (start -2.28 1.12) (end -2.28 -1.12) (layer F.CrtYd) (width 0.05))
    (fp_line (start -2.28 -1.12) (end 2.28 -1.12) (layer F.CrtYd) (width 0.05))
    (fp_line (start 2.28 -1.12) (end 2.28 1.12) (layer F.CrtYd) (width 0.05))
    (fp_line (start 2.28 1.12) (end -2.28 1.12) (layer F.CrtYd) (width 0.05))
    (fp_text user %R (at 0 0) (layer F.Fab)
      (effects (font (size 0.8 0.8) (thickness 0.12)))
    )
    (pad 1 smd roundrect (at -1.4 0) (size 1.25 1.75) (layers F.Cu F.Paste F.Mask) (roundrect_rratio 0.2)
      (net 3 "Net-(C1-Pad1)"))
    (pad 2 smd roundrect (at 1.4 0) (size 1.25 1.75) (layers F.Cu F.Paste F.Mask) (roundrect_rratio 0.2)
      (net 1 GND))
    (model ${KISYS3DMOD}/Capacitor_SMD.3dshapes/C_1206_3216Metric.wrl
      (at (xyz 0 0 0))
      (scale (xyz 1 1 1))
      (rotate (xyz 0 0 0))
    )
  )

  (module Capacitor_SMD:C_1206_3216Metric (layer F.Cu) (tedit 5B301BBE) (tstamp 5E06BCF5)
    (at 228.745001 64.575001)
    (descr "Capacitor SMD 1206 (3216 Metric), square (rectangular) end terminal, IPC_7351 nominal, (Body size source: http://www.tortai-tech.com/upload/download/2011102023233369053.pdf), generated with kicad-footprint-generator")
    (tags capacitor)
    (path /5E124415)
    (attr smd)
    (fp_text reference C2 (at 0 -1.82) (layer F.SilkS)
      (effects (font (size 1 1) (thickness 0.15)))
    )
    (fp_text value 10uf (at 0 1.82) (layer F.Fab)
      (effects (font (size 1 1) (thickness 0.15)))
    )
    (fp_text user %R (at 0 0) (layer F.Fab)
      (effects (font (size 0.8 0.8) (thickness 0.12)))
    )
    (fp_line (start 2.28 1.12) (end -2.28 1.12) (layer F.CrtYd) (width 0.05))
    (fp_line (start 2.28 -1.12) (end 2.28 1.12) (layer F.CrtYd) (width 0.05))
    (fp_line (start -2.28 -1.12) (end 2.28 -1.12) (layer F.CrtYd) (width 0.05))
    (fp_line (start -2.28 1.12) (end -2.28 -1.12) (layer F.CrtYd) (width 0.05))
    (fp_line (start -0.602064 0.91) (end 0.602064 0.91) (layer F.SilkS) (width 0.12))
    (fp_line (start -0.602064 -0.91) (end 0.602064 -0.91) (layer F.SilkS) (width 0.12))
    (fp_line (start 1.6 0.8) (end -1.6 0.8) (layer F.Fab) (width 0.1))
    (fp_line (start 1.6 -0.8) (end 1.6 0.8) (layer F.Fab) (width 0.1))
    (fp_line (start -1.6 -0.8) (end 1.6 -0.8) (layer F.Fab) (width 0.1))
    (fp_line (start -1.6 0.8) (end -1.6 -0.8) (layer F.Fab) (width 0.1))
    (pad 2 smd roundrect (at 1.4 0) (size 1.25 1.75) (layers F.Cu F.Paste F.Mask) (roundrect_rratio 0.2)
      (net 1 GND))
    (pad 1 smd roundrect (at -1.4 0) (size 1.25 1.75) (layers F.Cu F.Paste F.Mask) (roundrect_rratio 0.2)
      (net 4 "Net-(C2-Pad1)"))
    (model ${KISYS3DMOD}/Capacitor_SMD.3dshapes/C_1206_3216Metric.wrl
      (at (xyz 0 0 0))
      (scale (xyz 1 1 1))
      (rotate (xyz 0 0 0))
    )
  )

  (module Capacitor_SMD:C_1206_3216Metric (layer F.Cu) (tedit 5B301BBE) (tstamp 5E06BD06)
    (at 187.035001 107.315001)
    (descr "Capacitor SMD 1206 (3216 Metric), square (rectangular) end terminal, IPC_7351 nominal, (Body size source: http://www.tortai-tech.com/upload/download/2011102023233369053.pdf), generated with kicad-footprint-generator")
    (tags capacitor)
    (path /5E1225D4)
    (attr smd)
    (fp_text reference C3 (at 0 -1.82) (layer F.SilkS)
      (effects (font (size 1 1) (thickness 0.15)))
    )
    (fp_text value 10uf (at 0 1.82) (layer F.Fab)
      (effects (font (size 1 1) (thickness 0.15)))
    )
    (fp_text user %R (at 0 0) (layer F.Fab)
      (effects (font (size 0.8 0.8) (thickness 0.12)))
    )
    (fp_line (start 2.28 1.12) (end -2.28 1.12) (layer F.CrtYd) (width 0.05))
    (fp_line (start 2.28 -1.12) (end 2.28 1.12) (layer F.CrtYd) (width 0.05))
    (fp_line (start -2.28 -1.12) (end 2.28 -1.12) (layer F.CrtYd) (width 0.05))
    (fp_line (start -2.28 1.12) (end -2.28 -1.12) (layer F.CrtYd) (width 0.05))
    (fp_line (start -0.602064 0.91) (end 0.602064 0.91) (layer F.SilkS) (width 0.12))
    (fp_line (start -0.602064 -0.91) (end 0.602064 -0.91) (layer F.SilkS) (width 0.12))
    (fp_line (start 1.6 0.8) (end -1.6 0.8) (layer F.Fab) (width 0.1))
    (fp_line (start 1.6 -0.8) (end 1.6 0.8) (layer F.Fab) (width 0.1))
    (fp_line (start -1.6 -0.8) (end 1.6 -0.8) (layer F.Fab) (width 0.1))
    (fp_line (start -1.6 0.8) (end -1.6 -0.8) (layer F.Fab) (width 0.1))
    (pad 2 smd roundrect (at 1.4 0) (size 1.25 1.75) (layers F.Cu F.Paste F.Mask) (roundrect_rratio 0.2)
      (net 1 GND))
    (pad 1 smd roundrect (at -1.4 0) (size 1.25 1.75) (layers F.Cu F.Paste F.Mask) (roundrect_rratio 0.2)
      (net 5 +5V))
    (model ${KISYS3DMOD}/Capacitor_SMD.3dshapes/C_1206_3216Metric.wrl
      (at (xyz 0 0 0))
      (scale (xyz 1 1 1))
      (rotate (xyz 0 0 0))
    )
  )

  (module Capacitor_SMD:C_0805_2012Metric (layer F.Cu) (tedit 5B36C52B) (tstamp 5E06BD17)
    (at 201.095001 96.305001)
    (descr "Capacitor SMD 0805 (2012 Metric), square (rectangular) end terminal, IPC_7351 nominal, (Body size source: https://docs.google.com/spreadsheets/d/1BsfQQcO9C6DZCsRaXUlFlo91Tg2WpOkGARC1WS5S8t0/edit?usp=sharing), generated with kicad-footprint-generator")
    (tags capacitor)
    (path /5E1CC45D)
    (attr smd)
    (fp_text reference C4 (at 0 -1.65) (layer F.SilkS)
      (effects (font (size 1 1) (thickness 0.15)))
    )
    (fp_text value 100nf (at 0 1.65) (layer F.Fab)
      (effects (font (size 1 1) (thickness 0.15)))
    )
    (fp_line (start -1 0.6) (end -1 -0.6) (layer F.Fab) (width 0.1))
    (fp_line (start -1 -0.6) (end 1 -0.6) (layer F.Fab) (width 0.1))
    (fp_line (start 1 -0.6) (end 1 0.6) (layer F.Fab) (width 0.1))
    (fp_line (start 1 0.6) (end -1 0.6) (layer F.Fab) (width 0.1))
    (fp_line (start -0.258578 -0.71) (end 0.258578 -0.71) (layer F.SilkS) (width 0.12))
    (fp_line (start -0.258578 0.71) (end 0.258578 0.71) (layer F.SilkS) (width 0.12))
    (fp_line (start -1.68 0.95) (end -1.68 -0.95) (layer F.CrtYd) (width 0.05))
    (fp_line (start -1.68 -0.95) (end 1.68 -0.95) (layer F.CrtYd) (width 0.05))
    (fp_line (start 1.68 -0.95) (end 1.68 0.95) (layer F.CrtYd) (width 0.05))
    (fp_line (start 1.68 0.95) (end -1.68 0.95) (layer F.CrtYd) (width 0.05))
    (fp_text user %R (at 0 0) (layer F.Fab)
      (effects (font (size 0.5 0.5) (thickness 0.08)))
    )
    (pad 1 smd roundrect (at -0.9375 0) (size 0.975 1.4) (layers F.Cu F.Paste F.Mask) (roundrect_rratio 0.25)
      (net 6 "Net-(C4-Pad1)"))
    (pad 2 smd roundrect (at 0.9375 0) (size 0.975 1.4) (layers F.Cu F.Paste F.Mask) (roundrect_rratio 0.25)
      (net 7 "Net-(C4-Pad2)"))
    (model ${KISYS3DMOD}/Capacitor_SMD.3dshapes/C_0805_2012Metric.wrl
      (at (xyz 0 0 0))
      (scale (xyz 1 1 1))
      (rotate (xyz 0 0 0))
    )
  )

  (module Capacitor_SMD:C_0805_2012Metric (layer F.Cu) (tedit 5B36C52B) (tstamp 5E06BD28)
    (at 213.025001 84.845001)
    (descr "Capacitor SMD 0805 (2012 Metric), square (rectangular) end terminal, IPC_7351 nominal, (Body size source: https://docs.google.com/spreadsheets/d/1BsfQQcO9C6DZCsRaXUlFlo91Tg2WpOkGARC1WS5S8t0/edit?usp=sharing), generated with kicad-footprint-generator")
    (tags capacitor)
    (path /5E1D0DDE)
    (attr smd)
    (fp_text reference C5 (at 0 -1.65) (layer F.SilkS)
      (effects (font (size 1 1) (thickness 0.15)))
    )
    (fp_text value 100nf (at 0 1.65) (layer F.Fab)
      (effects (font (size 1 1) (thickness 0.15)))
    )
    (fp_text user %R (at 0 0) (layer F.Fab)
      (effects (font (size 0.5 0.5) (thickness 0.08)))
    )
    (fp_line (start 1.68 0.95) (end -1.68 0.95) (layer F.CrtYd) (width 0.05))
    (fp_line (start 1.68 -0.95) (end 1.68 0.95) (layer F.CrtYd) (width 0.05))
    (fp_line (start -1.68 -0.95) (end 1.68 -0.95) (layer F.CrtYd) (width 0.05))
    (fp_line (start -1.68 0.95) (end -1.68 -0.95) (layer F.CrtYd) (width 0.05))
    (fp_line (start -0.258578 0.71) (end 0.258578 0.71) (layer F.SilkS) (width 0.12))
    (fp_line (start -0.258578 -0.71) (end 0.258578 -0.71) (layer F.SilkS) (width 0.12))
    (fp_line (start 1 0.6) (end -1 0.6) (layer F.Fab) (width 0.1))
    (fp_line (start 1 -0.6) (end 1 0.6) (layer F.Fab) (width 0.1))
    (fp_line (start -1 -0.6) (end 1 -0.6) (layer F.Fab) (width 0.1))
    (fp_line (start -1 0.6) (end -1 -0.6) (layer F.Fab) (width 0.1))
    (pad 2 smd roundrect (at 0.9375 0) (size 0.975 1.4) (layers F.Cu F.Paste F.Mask) (roundrect_rratio 0.25)
      (net 8 "Net-(C5-Pad2)"))
    (pad 1 smd roundrect (at -0.9375 0) (size 0.975 1.4) (layers F.Cu F.Paste F.Mask) (roundrect_rratio 0.25)
      (net 9 "Net-(C5-Pad1)"))
    (model ${KISYS3DMOD}/Capacitor_SMD.3dshapes/C_0805_2012Metric.wrl
      (at (xyz 0 0 0))
      (scale (xyz 1 1 1))
      (rotate (xyz 0 0 0))
    )
  )

  (module Capacitor_SMD:C_1206_3216Metric (layer F.Cu) (tedit 5B301BBE) (tstamp 5E06BD39)
    (at 188.725001 100.735001)
    (descr "Capacitor SMD 1206 (3216 Metric), square (rectangular) end terminal, IPC_7351 nominal, (Body size source: http://www.tortai-tech.com/upload/download/2011102023233369053.pdf), generated with kicad-footprint-generator")
    (tags capacitor)
    (path /5E1216C5)
    (attr smd)
    (fp_text reference C6 (at 0 -1.82) (layer F.SilkS)
      (effects (font (size 1 1) (thickness 0.15)))
    )
    (fp_text value 10uf (at 0 1.82) (layer F.Fab)
      (effects (font (size 1 1) (thickness 0.15)))
    )
    (fp_line (start -1.6 0.8) (end -1.6 -0.8) (layer F.Fab) (width 0.1))
    (fp_line (start -1.6 -0.8) (end 1.6 -0.8) (layer F.Fab) (width 0.1))
    (fp_line (start 1.6 -0.8) (end 1.6 0.8) (layer F.Fab) (width 0.1))
    (fp_line (start 1.6 0.8) (end -1.6 0.8) (layer F.Fab) (width 0.1))
    (fp_line (start -0.602064 -0.91) (end 0.602064 -0.91) (layer F.SilkS) (width 0.12))
    (fp_line (start -0.602064 0.91) (end 0.602064 0.91) (layer F.SilkS) (width 0.12))
    (fp_line (start -2.28 1.12) (end -2.28 -1.12) (layer F.CrtYd) (width 0.05))
    (fp_line (start -2.28 -1.12) (end 2.28 -1.12) (layer F.CrtYd) (width 0.05))
    (fp_line (start 2.28 -1.12) (end 2.28 1.12) (layer F.CrtYd) (width 0.05))
    (fp_line (start 2.28 1.12) (end -2.28 1.12) (layer F.CrtYd) (width 0.05))
    (fp_text user %R (at 0 0) (layer F.Fab)
      (effects (font (size 0.8 0.8) (thickness 0.12)))
    )
    (pad 1 smd roundrect (at -1.4 0) (size 1.25 1.75) (layers F.Cu F.Paste F.Mask) (roundrect_rratio 0.2)
      (net 10 +3V3))
    (pad 2 smd roundrect (at 1.4 0) (size 1.25 1.75) (layers F.Cu F.Paste F.Mask) (roundrect_rratio 0.2)
      (net 1 GND))
    (model ${KISYS3DMOD}/Capacitor_SMD.3dshapes/C_1206_3216Metric.wrl
      (at (xyz 0 0 0))
      (scale (xyz 1 1 1))
      (rotate (xyz 0 0 0))
    )
  )

  (module Capacitor_SMD:C_0805_2012Metric (layer F.Cu) (tedit 5B36C52B) (tstamp 5E06BD4A)
    (at 233.755001 64.405001)
    (descr "Capacitor SMD 0805 (2012 Metric), square (rectangular) end terminal, IPC_7351 nominal, (Body size source: https://docs.google.com/spreadsheets/d/1BsfQQcO9C6DZCsRaXUlFlo91Tg2WpOkGARC1WS5S8t0/edit?usp=sharing), generated with kicad-footprint-generator")
    (tags capacitor)
    (path /5E1C6744)
    (attr smd)
    (fp_text reference C7 (at 0 -1.65) (layer F.SilkS)
      (effects (font (size 1 1) (thickness 0.15)))
    )
    (fp_text value 100nf (at 0 1.65) (layer F.Fab)
      (effects (font (size 1 1) (thickness 0.15)))
    )
    (fp_text user %R (at 0 0) (layer F.Fab)
      (effects (font (size 0.5 0.5) (thickness 0.08)))
    )
    (fp_line (start 1.68 0.95) (end -1.68 0.95) (layer F.CrtYd) (width 0.05))
    (fp_line (start 1.68 -0.95) (end 1.68 0.95) (layer F.CrtYd) (width 0.05))
    (fp_line (start -1.68 -0.95) (end 1.68 -0.95) (layer F.CrtYd) (width 0.05))
    (fp_line (start -1.68 0.95) (end -1.68 -0.95) (layer F.CrtYd) (width 0.05))
    (fp_line (start -0.258578 0.71) (end 0.258578 0.71) (layer F.SilkS) (width 0.12))
    (fp_line (start -0.258578 -0.71) (end 0.258578 -0.71) (layer F.SilkS) (width 0.12))
    (fp_line (start 1 0.6) (end -1 0.6) (layer F.Fab) (width 0.1))
    (fp_line (start 1 -0.6) (end 1 0.6) (layer F.Fab) (width 0.1))
    (fp_line (start -1 -0.6) (end 1 -0.6) (layer F.Fab) (width 0.1))
    (fp_line (start -1 0.6) (end -1 -0.6) (layer F.Fab) (width 0.1))
    (pad 2 smd roundrect (at 0.9375 0) (size 0.975 1.4) (layers F.Cu F.Paste F.Mask) (roundrect_rratio 0.25)
      (net 10 +3V3))
    (pad 1 smd roundrect (at -0.9375 0) (size 0.975 1.4) (layers F.Cu F.Paste F.Mask) (roundrect_rratio 0.25)
      (net 1 GND))
    (model ${KISYS3DMOD}/Capacitor_SMD.3dshapes/C_0805_2012Metric.wrl
      (at (xyz 0 0 0))
      (scale (xyz 1 1 1))
      (rotate (xyz 0 0 0))
    )
  )

  (module Capacitor_SMD:C_0805_2012Metric (layer F.Cu) (tedit 5B36C52B) (tstamp 5E06BD5B)
    (at 235.695001 60.145001)
    (descr "Capacitor SMD 0805 (2012 Metric), square (rectangular) end terminal, IPC_7351 nominal, (Body size source: https://docs.google.com/spreadsheets/d/1BsfQQcO9C6DZCsRaXUlFlo91Tg2WpOkGARC1WS5S8t0/edit?usp=sharing), generated with kicad-footprint-generator")
    (tags capacitor)
    (path /5E09628B)
    (attr smd)
    (fp_text reference C8 (at 0 -1.65) (layer F.SilkS)
      (effects (font (size 1 1) (thickness 0.15)))
    )
    (fp_text value 100nf (at 0 1.65) (layer F.Fab)
      (effects (font (size 1 1) (thickness 0.15)))
    )
    (fp_text user %R (at 0 0) (layer F.Fab)
      (effects (font (size 0.5 0.5) (thickness 0.08)))
    )
    (fp_line (start 1.68 0.95) (end -1.68 0.95) (layer F.CrtYd) (width 0.05))
    (fp_line (start 1.68 -0.95) (end 1.68 0.95) (layer F.CrtYd) (width 0.05))
    (fp_line (start -1.68 -0.95) (end 1.68 -0.95) (layer F.CrtYd) (width 0.05))
    (fp_line (start -1.68 0.95) (end -1.68 -0.95) (layer F.CrtYd) (width 0.05))
    (fp_line (start -0.258578 0.71) (end 0.258578 0.71) (layer F.SilkS) (width 0.12))
    (fp_line (start -0.258578 -0.71) (end 0.258578 -0.71) (layer F.SilkS) (width 0.12))
    (fp_line (start 1 0.6) (end -1 0.6) (layer F.Fab) (width 0.1))
    (fp_line (start 1 -0.6) (end 1 0.6) (layer F.Fab) (width 0.1))
    (fp_line (start -1 -0.6) (end 1 -0.6) (layer F.Fab) (width 0.1))
    (fp_line (start -1 0.6) (end -1 -0.6) (layer F.Fab) (width 0.1))
    (pad 2 smd roundrect (at 0.9375 0) (size 0.975 1.4) (layers F.Cu F.Paste F.Mask) (roundrect_rratio 0.25)
      (net 10 +3V3))
    (pad 1 smd roundrect (at -0.9375 0) (size 0.975 1.4) (layers F.Cu F.Paste F.Mask) (roundrect_rratio 0.25)
      (net 1 GND))
    (model ${KISYS3DMOD}/Capacitor_SMD.3dshapes/C_0805_2012Metric.wrl
      (at (xyz 0 0 0))
      (scale (xyz 1 1 1))
      (rotate (xyz 0 0 0))
    )
  )

  (module Capacitor_SMD:C_0805_2012Metric (layer F.Cu) (tedit 5B36C52B) (tstamp 5E06BD6C)
    (at 208.615001 87.795001)
    (descr "Capacitor SMD 0805 (2012 Metric), square (rectangular) end terminal, IPC_7351 nominal, (Body size source: https://docs.google.com/spreadsheets/d/1BsfQQcO9C6DZCsRaXUlFlo91Tg2WpOkGARC1WS5S8t0/edit?usp=sharing), generated with kicad-footprint-generator")
    (tags capacitor)
    (path /5E1CBCD5)
    (attr smd)
    (fp_text reference C9 (at 0 -1.65) (layer F.SilkS)
      (effects (font (size 1 1) (thickness 0.15)))
    )
    (fp_text value 100nf (at 0 1.65) (layer F.Fab)
      (effects (font (size 1 1) (thickness 0.15)))
    )
    (fp_line (start -1 0.6) (end -1 -0.6) (layer F.Fab) (width 0.1))
    (fp_line (start -1 -0.6) (end 1 -0.6) (layer F.Fab) (width 0.1))
    (fp_line (start 1 -0.6) (end 1 0.6) (layer F.Fab) (width 0.1))
    (fp_line (start 1 0.6) (end -1 0.6) (layer F.Fab) (width 0.1))
    (fp_line (start -0.258578 -0.71) (end 0.258578 -0.71) (layer F.SilkS) (width 0.12))
    (fp_line (start -0.258578 0.71) (end 0.258578 0.71) (layer F.SilkS) (width 0.12))
    (fp_line (start -1.68 0.95) (end -1.68 -0.95) (layer F.CrtYd) (width 0.05))
    (fp_line (start -1.68 -0.95) (end 1.68 -0.95) (layer F.CrtYd) (width 0.05))
    (fp_line (start 1.68 -0.95) (end 1.68 0.95) (layer F.CrtYd) (width 0.05))
    (fp_line (start 1.68 0.95) (end -1.68 0.95) (layer F.CrtYd) (width 0.05))
    (fp_text user %R (at 0 0) (layer F.Fab)
      (effects (font (size 0.5 0.5) (thickness 0.08)))
    )
    (pad 1 smd roundrect (at -0.9375 0) (size 0.975 1.4) (layers F.Cu F.Paste F.Mask) (roundrect_rratio 0.25)
      (net 1 GND))
    (pad 2 smd roundrect (at 0.9375 0) (size 0.975 1.4) (layers F.Cu F.Paste F.Mask) (roundrect_rratio 0.25)
      (net 11 "Net-(C9-Pad2)"))
    (model ${KISYS3DMOD}/Capacitor_SMD.3dshapes/C_0805_2012Metric.wrl
      (at (xyz 0 0 0))
      (scale (xyz 1 1 1))
      (rotate (xyz 0 0 0))
    )
  )

  (module Capacitor_SMD:C_0805_2012Metric (layer F.Cu) (tedit 5B36C52B) (tstamp 5E06BD7D)
    (at 227.575001 68.905001)
    (descr "Capacitor SMD 0805 (2012 Metric), square (rectangular) end terminal, IPC_7351 nominal, (Body size source: https://docs.google.com/spreadsheets/d/1BsfQQcO9C6DZCsRaXUlFlo91Tg2WpOkGARC1WS5S8t0/edit?usp=sharing), generated with kicad-footprint-generator")
